0.68413643
0.68363384
1.799855915
2.416093352
2.63903335
2.540649021
2.829143171
3.775112639
3.278537056
4.287565681
4.312905411
5.616999859
5.032384565
5.170442753
5.036836023
5.180504691
5.170156646
5.059156879
3.255107283
3.484830079
3.160442141
1.867719355
1.03693801
-0.550550749
0.109139569
-0.425532368
-1.936646891
-2.081849088
-1.989089393
-2.38191833
-2.9268614
-4.01213353
-3.960089804
-4.849756415
-4.450293642
-4.930025783
-4.818011741
-3.801740158
-4.313035216
-3.408417493
-3.290697337
-3.169231797
-2.993446632
-2.52022694
-0.348479544
-0.212160387
0.646205504
1.466054431
1.637669835
2.040704547
4.030522844
3.888693612
4.369609457
3.769909696
4.439553984
5.14640694
5.034543177
5.233338438
5.63480171
5.832151919